2147483174
2147483178
2147483170
2147483430
2147483495
2147483533
2147483442
2147483209
2147483377
2147483507
2147483494
2147483536
2147483363
2147483282
2147483487
2147483331
2147483371
2147483524
2147483356
2147483236
2147483317
2147483152
2147483249
2147483229
2147483164
2147483421
2147483516
2147483181
2147483185
2147483264
2147483194
2147483220
2147483445
2147483268
2147483386
2147483420
2147483359
2147483402
2147483500
2147483349
2147483469
2147483276
2147483355
2147483189
2147483502
2147483428
2147483167
2147483213
2147483173
2147483462
2147483142
2147483146
2147483138
2147483398
2147483463
2147483501
2147483410
2147483177
2147483345
2147483475
2147483462
2147483504
2147483331
2147483250
2147483455
2147483299
2147483339
2147483492
2147483324
2147483204
2147483285
2147483120
2147483217
2147483197
2147483132
2147483389
2147483484
2147483149
2147483153
2147483232
2147483162
2147483188
2147483413
2147483236
2147483354
2147483388
2147483327
2147483370
2147483468
2147483317
2147483437
2147483244
2147483323
2147483157
2147483470
2147483396
2147483135
2147483181
2147483141
2147483430
2147483068
2147483072
2147483064
2147483324
2147483389
2147483427
2147483336
2147483103
2147483271
2147483401
2147483388
2147483430
2147483257
2147483176
2147483381
2147483225
2147483265
2147483418
2147483250
2147483130
2147483211
2147483046
2147483143
2147483123
2147483058
2147483315
2147483410
2147483075
2147483079
2147483158
2147483088
2147483114
2147483339
2147483162
2147483280
2147483314
2147483253
2147483296
2147483394
2147483243
2147483363
2147483170
2147483249
2147483083
2147483396
2147483322
2147483061
2147483107
2147483067
2147483356
2147483234
2147483238
2147483230
2147483490
2147483555
2147483593
2147483502
2147483269
2147483437
2147483567
2147483554
2147483596
2147483423
2147483342
2147483547
2147483391
2147483431
2147483584
2147483416
2147483296
2147483377
2147483212
2147483309
2147483289
2147483224
2147483481
2147483576
2147483241
2147483245
2147483324
2147483254
2147483280
2147483505
2147483328
2147483446
2147483480
2147483419
2147483462
2147483560
2147483409
2147483529
2147483336
2147483415
2147483249
2147483562
2147483488
2147483227
2147483273
2147483233
2147483522
2147483237
2147483241
2147483233
2147483493
2147483558
2147483596
2147483505
2147483272
2147483440
2147483570
2147483557
2147483599
2147483426
2147483345
2147483550
2147483394
2147483434
2147483587
2147483419
2147483299
2147483380
2147483215
2147483312
2147483292
2147483227
2147483484
2147483579
2147483244
2147483248
2147483327
2147483257
2147483283
2147483508
2147483331
2147483449
2147483483
2147483422
2147483465
2147483563
2147483412
2147483532
2147483339
2147483418
2147483252
2147483565
2147483491
2147483230
2147483276
2147483236
2147483525
2147483155
2147483159
2147483151
2147483411
2147483476
2147483514
2147483423
2147483190
2147483358
2147483488
2147483475
2147483517
2147483344
2147483263
2147483468
2147483312
2147483352
2147483505
2147483337
2147483217
2147483298
2147483133
2147483230
2147483210
2147483145
2147483402
2147483497
2147483162
2147483166
2147483245
2147483175
2147483201
2147483426
2147483249
2147483367
2147483401
2147483340
2147483383
2147483481
2147483330
2147483450
2147483257
2147483336
2147483170
2147483483
2147483409
2147483148
2147483194
2147483154
2147483443
2147483093
2147483097
2147483089
2147483349
2147483414
2147483452
2147483361
2147483128
2147483296
2147483426
2147483413
2147483455
2147483282
2147483201
2147483406
2147483250
2147483290
2147483443
2147483275
2147483155
2147483236
2147483071
2147483168
2147483148
2147483083
2147483340
2147483435
2147483100
2147483104
2147483183
2147483113
2147483139
2147483364
2147483187
2147483305
2147483339
2147483278
2147483321
2147483419
2147483268
2147483388
2147483195
2147483274
2147483108
2147483421
2147483347
2147483086
2147483132
2147483092
2147483381
2147483163
2147483167
2147483159
2147483419
2147483484
2147483522
2147483431
2147483198
2147483366
2147483496
2147483483
2147483525
2147483352
2147483271
2147483476
2147483320
2147483360
2147483513
2147483345
2147483225
2147483306
2147483141
2147483238
2147483218
2147483153
2147483410
2147483505
2147483170
2147483174
2147483253
2147483183
2147483209
2147483434
2147483257
2147483375
2147483409
2147483348
2147483391
2147483489
2147483338
2147483458
2147483265
2147483344
2147483178
2147483491
2147483417
2147483156
2147483202
2147483162
2147483451
2147483217
2147483221
2147483213
2147483473
2147483538
2147483576
2147483485
2147483252
2147483420
2147483550
2147483537
2147483579
2147483406
2147483325
2147483530
2147483374
2147483414
2147483567
2147483399
2147483279
2147483360
2147483195
2147483292
2147483272
2147483207
2147483464
2147483559
2147483224
2147483228
2147483307
2147483237
2147483263
2147483488
2147483311
2147483429
2147483463
2147483402
2147483445
2147483543
2147483392
2147483512
2147483319
2147483398
2147483232
2147483545
2147483471
2147483210
2147483256
2147483216
2147483505
2147483173
2147483177
2147483169
2147483429
2147483494
2147483532
2147483441
2147483208
2147483376
2147483506
2147483493
2147483535
2147483362
2147483281
2147483486
2147483330
2147483370
2147483523
2147483355
2147483235
2147483316
2147483151
2147483248
2147483228
2147483163
2147483420
2147483515
2147483180
2147483184
2147483263
2147483193
2147483219
2147483444
2147483267
2147483385
2147483419
2147483358
2147483401
2147483499
2147483348
2147483468
2147483275
2147483354
2147483188
2147483501
2147483427
2147483166
2147483212
2147483172
2147483461
56092218
1448310707
1508028832
143692898
1342195211
186556068
1938350533
1747955899
49662683
402422599
392180549
1645586782
374667369
91199952
40678941
456027712
421212154
1579291033
119471572
613687611
333613076
378776685
1103535046
634161812
895284036
903207198
229511150
47457988
392122843
935941382
148407069
737666398
210908783
445045023
36840220
807147916
772759506
453617404
183069790
392681881
12322653
797019330
29378164
282562561
41595192
577034773
669562154
564142376
1447326341
580592814
822626605
149127279
72881615
311665335
442123383
188586881
1025188954
28268639
647677555
105851590
70575824
1132517589
869623745
121874729
1246198616
370725534
249270639
227779068
299162357
1132157904
9113625
107632292
37062784
659951334
108501431
87421299
25901059
691037757
1006120226
2100642
490674263
364070686
3809840
869277150
89594229
907392892
962002650
243340046
381517356
232697300
838478939
146032107
1136759716
201186744
100071866
982866414
421064616
994830710
254460361
108979361
34221947
28137558
246509016
248174008
1308477686
11016468
363104473
791308049
189271211
680388850
378650758
273688489
1184554988
438776867
577680301
207526328
23948519
1197560185
180362565
1280744890
15073435
1174580726
819672908
73050689
342245984
1056786766
759665978
473476305
404951919
376348547
461246954
246487728
1043921409
635677113
509544123
75176042
258831047
8451388
426998008
616000495
1010071710
1262278012
813428802
195406025
34672419
366818519
235585711
1525710896
1811261387
1417882124
438244806
60714783
382799117
132924251
845870156
19159249
591238400
18601224
966311
29006975
106714352
149314765
137336490
203511318
76717185
182043073
30253667
1512978392
586605983
902889221
446455679
177979869
1222059977
201955707
320979291
1451788953
496134521
540612786
885519014
534342667
310649393
388723326
85756119
1650158689
42887501
555013208
509246290
332682265
194916343
50315183
461213760
137496434
82077359
1076629295
43548077
383712028
415256265
480904454
556379814
295698273
278948621
426967436
344132851
977096685
230682916
19255156
1100893687
699233664
1127142399
1399916469
321722323
917979132
95416030
699894902
812121617
616949380
338375442
123900982
82559965
610168140
550862556
93659105
1103011803
46422324
679278339
1339748523
1182080030
333160457
327386084
597898769
484219690
449817935
89341314
180510924
138279431
608909238
532223105
1122033458
1552808867
829254347
728059326
655874388
837476508
293241768
97218451
36115088
135540894
1518836806
190774003
394145190
918529206
116910995
55587233
11067267
1250725759
264345983
113130238
1906783452
459024347
1850892398
950546767
354752372
515719185
130773841
1738358111
5196811
923409211
230080137
643060125
156619834
826089106
230513454
2748181
233699644
38828106
474910490
373810551
72481006
217850381
72505945
1109336544
664475119
1028841674
769460413
250088643
164495097
475925987
1493558532
127019456
990394398
294034270
171783610
126222
96346170
325767793
48433230
1122372066
201777522
1375246917
1211715760
49302101
1207328520
334731196
258274925
1682559513
1676805790
73933904
179255601
980689169
144565944
96255462
14442970
369076887
44192282
1245178849
717526850
347219377
5024832
56892114
123724614
784044802
1321878536
6658216
359560766
739119646
229209143
1471414809
1335802861
15420037
1224285153
429045556
204466595
12535731
1354296687
79481378
1931263244
340564673
292200663
34165753
710702766
544156029
312785031
171514990
1179509987
88355302
1044482151
465686846
150718970
204238000
574470855
1748547630
1422894170
598584094
181830775
557167824
10250302
80134676
853861004
280268387
1239698142
7214933
858820778
118334665
391192099
1377153232
1017002155
163842297
238034597
1001334731
1083086750
556234817
248116146
120885183
1052253040
976077202
1299859361
482792
1401280179
1562518017
111219500
514740107
421283539
154650375
676389189
1091847552
9566841
159189962
53060333
1046236795
1279423182
840065470
876876836
883282181
665569709
8046361
399985930
340253747
8513117
559088349
511813166
517314122
2061129599
1010241919
890685088
286623684
31890236
94456957
294571267
520918513
48871105
799192493
571956347
64217452
265904057
53024313
295666115
379301582
76816628
647584713
128207337
581709572
1045323477
962341221
1144342755
25524030
484006066
591833940
548597223
145160792
293348042
770328211
32488205
358013143
715777806
122535219
42783326
96200043
1071846449
820125535
281066544
731208670
245450433
423837568
441153400
26229589
243501048
985158396
175944414
1039091479
100193940
540885981
217867454
954748576
197021037
455651020
747383659
429579382
29186562
980803120
685275266
70449823
152027706
45332767
695286613
641355592
12209515
979518143
351144913
60343204
1328503448
306071754
1401727334
1196788275
204176679
302290762
318577923
94439973
262296754
1348654344
96275132
17781208
1365353286
591021400
48065197
120036645
410705083
766698323
202777015
877801857
2054183312
121560364
1072135171
1561162697
1056346681
288362799
801030044
31256051
131122005
543006327
575292646
