1000
40 1073741639
40 1073741640
40 1073741636
40 1073741766
40 1073741799
40 1073741817
40 1073741772
40 1073741656
40 1073741740
40 1073741805
40 1073741798
40 1073741819
40 1073741733
40 1073741694
40 1073741794
40 1073741717
40 1073741737
40 1073741813
40 1073741729
40 1073741670
40 1073741710
40 1073741628
40 1073741677
40 1073741666
40 1073741633
40 1073741761
40 1073741808
40 1073741642
40 1073741644
40 1073741684
40 1073741648
40 1073741663
40 1073741774
40 1073741687
40 1073741744
40 1073741760
40 1073741731
40 1073741753
40 1073741801
40 1073741727
40 1073741786
40 1073741691
40 1073741728
40 1073741647
40 1073741802
40 1073741765
40 1073741635
40 1073741659
40 1073741638
40 1073741783
57 1073741639
57 1073741640
57 1073741636
57 1073741766
57 1073741799
57 1073741817
57 1073741772
57 1073741656
57 1073741740
57 1073741805
57 1073741798
57 1073741819
57 1073741733
57 1073741694
57 1073741794
57 1073741717
57 1073741737
57 1073741813
57 1073741729
57 1073741670
57 1073741710
57 1073741628
57 1073741677
57 1073741666
57 1073741633
57 1073741761
57 1073741808
57 1073741642
57 1073741644
57 1073741684
57 1073741648
57 1073741663
57 1073741774
57 1073741687
57 1073741744
57 1073741760
57 1073741731
57 1073741753
57 1073741801
57 1073741727
57 1073741786
57 1073741691
57 1073741728
57 1073741647
57 1073741802
57 1073741765
57 1073741635
57 1073741659
57 1073741638
57 1073741783
95 1073741639
95 1073741640
95 1073741636
95 1073741766
95 1073741799
95 1073741817
95 1073741772
95 1073741656
95 1073741740
95 1073741805
95 1073741798
95 1073741819
95 1073741733
95 1073741694
95 1073741794
95 1073741717
95 1073741737
95 1073741813
95 1073741729
95 1073741670
95 1073741710
95 1073741628
95 1073741677
95 1073741666
95 1073741633
95 1073741761
95 1073741808
95 1073741642
95 1073741644
95 1073741684
95 1073741648
95 1073741663
95 1073741774
95 1073741687
95 1073741744
95 1073741760
95 1073741731
95 1073741753
95 1073741801
95 1073741727
95 1073741786
95 1073741691
95 1073741728
95 1073741647
95 1073741802
95 1073741765
95 1073741635
95 1073741659
95 1073741638
95 1073741783
10 1073741639
10 1073741640
10 1073741636
10 1073741766
10 1073741799
10 1073741817
10 1073741772
10 1073741656
10 1073741740
10 1073741805
10 1073741798
10 1073741819
10 1073741733
10 1073741694
10 1073741794
10 1073741717
10 1073741737
10 1073741813
10 1073741729
10 1073741670
10 1073741710
10 1073741628
10 1073741677
10 1073741666
10 1073741633
10 1073741761
10 1073741808
10 1073741642
10 1073741644
10 1073741684
10 1073741648
10 1073741663
10 1073741774
10 1073741687
10 1073741744
10 1073741760
10 1073741731
10 1073741753
10 1073741801
10 1073741727
10 1073741786
10 1073741691
10 1073741728
10 1073741647
10 1073741802
10 1073741765
10 1073741635
10 1073741659
10 1073741638
10 1073741783
8 1073741639
8 1073741640
8 1073741636
8 1073741766
8 1073741799
8 1073741817
8 1073741772
8 1073741656
8 1073741740
8 1073741805
8 1073741798
8 1073741819
8 1073741733
8 1073741694
8 1073741794
8 1073741717
8 1073741737
8 1073741813
8 1073741729
8 1073741670
8 1073741710
8 1073741628
8 1073741677
8 1073741666
8 1073741633
8 1073741761
8 1073741808
8 1073741642
8 1073741644
8 1073741684
8 1073741648
8 1073741663
8 1073741774
8 1073741687
8 1073741744
8 1073741760
8 1073741731
8 1073741753
8 1073741801
8 1073741727
8 1073741786
8 1073741691
8 1073741728
8 1073741647
8 1073741802
8 1073741765
8 1073741635
8 1073741659
8 1073741638
8 1073741783
50 1073741639
50 1073741640
50 1073741636
50 1073741766
50 1073741799
50 1073741817
50 1073741772
50 1073741656
50 1073741740
50 1073741805
50 1073741798
50 1073741819
50 1073741733
50 1073741694
50 1073741794
50 1073741717
50 1073741737
50 1073741813
50 1073741729
50 1073741670
50 1073741710
50 1073741628
50 1073741677
50 1073741666
50 1073741633
50 1073741761
50 1073741808
50 1073741642
50 1073741644
50 1073741684
50 1073741648
50 1073741663
50 1073741774
50 1073741687
50 1073741744
50 1073741760
50 1073741731
50 1073741753
50 1073741801
50 1073741727
50 1073741786
50 1073741691
50 1073741728
50 1073741647
50 1073741802
50 1073741765
50 1073741635
50 1073741659
50 1073741638
50 1073741783
81 1073741639
81 1073741640
81 1073741636
81 1073741766
81 1073741799
81 1073741817
81 1073741772
81 1073741656
81 1073741740
81 1073741805
81 1073741798
81 1073741819
81 1073741733
81 1073741694
81 1073741794
81 1073741717
81 1073741737
81 1073741813
81 1073741729
81 1073741670
81 1073741710
81 1073741628
81 1073741677
81 1073741666
81 1073741633
81 1073741761
81 1073741808
81 1073741642
81 1073741644
81 1073741684
81 1073741648
81 1073741663
81 1073741774
81 1073741687
81 1073741744
81 1073741760
81 1073741731
81 1073741753
81 1073741801
81 1073741727
81 1073741786
81 1073741691
81 1073741728
81 1073741647
81 1073741802
81 1073741765
81 1073741635
81 1073741659
81 1073741638
81 1073741783
47 1073741639
47 1073741640
47 1073741636
47 1073741766
47 1073741799
47 1073741817
47 1073741772
47 1073741656
47 1073741740
47 1073741805
47 1073741798
47 1073741819
47 1073741733
47 1073741694
47 1073741794
47 1073741717
47 1073741737
47 1073741813
47 1073741729
47 1073741670
47 1073741710
47 1073741628
47 1073741677
47 1073741666
47 1073741633
47 1073741761
47 1073741808
47 1073741642
47 1073741644
47 1073741684
47 1073741648
47 1073741663
47 1073741774
47 1073741687
47 1073741744
47 1073741760
47 1073741731
47 1073741753
47 1073741801
47 1073741727
47 1073741786
47 1073741691
47 1073741728
47 1073741647
47 1073741802
47 1073741765
47 1073741635
47 1073741659
47 1073741638
47 1073741783
19 1073741639
19 1073741640
19 1073741636
19 1073741766
19 1073741799
19 1073741817
19 1073741772
19 1073741656
19 1073741740
19 1073741805
19 1073741798
19 1073741819
19 1073741733
19 1073741694
19 1073741794
19 1073741717
19 1073741737
19 1073741813
19 1073741729
19 1073741670
19 1073741710
19 1073741628
19 1073741677
19 1073741666
19 1073741633
19 1073741761
19 1073741808
19 1073741642
19 1073741644
19 1073741684
19 1073741648
19 1073741663
19 1073741774
19 1073741687
19 1073741744
19 1073741760
19 1073741731
19 1073741753
19 1073741801
19 1073741727
19 1073741786
19 1073741691
19 1073741728
19 1073741647
19 1073741802
19 1073741765
19 1073741635
19 1073741659
19 1073741638
19 1073741783
41 1073741639
41 1073741640
41 1073741636
41 1073741766
41 1073741799
41 1073741817
41 1073741772
41 1073741656
41 1073741740
41 1073741805
41 1073741798
41 1073741819
41 1073741733
41 1073741694
41 1073741794
41 1073741717
41 1073741737
41 1073741813
41 1073741729
41 1073741670
41 1073741710
41 1073741628
41 1073741677
41 1073741666
41 1073741633
41 1073741761
41 1073741808
41 1073741642
41 1073741644
41 1073741684
41 1073741648
41 1073741663
41 1073741774
41 1073741687
41 1073741744
41 1073741760
41 1073741731
41 1073741753
41 1073741801
41 1073741727
41 1073741786
41 1073741691
41 1073741728
41 1073741647
41 1073741802
41 1073741765
41 1073741635
41 1073741659
41 1073741638
41 1073741783
1041269389 1069315503
332156491 1056311845
165456154 919470571
996620323 1068466773
235715351 906812957
858038161 951316197
15354852 984530121
195915095 1069893044
996035780 1020867121
80815842 282027142
261183595 457273868
50703329 873496718
737659955 924993636
970509190 1016109165
516979169 537318638
362576974 590590831
378523968 589130047
57132976 846778493
857940268 917676055
370169363 677013170
372758580 539565116
815428781 1004817124
238759354 790526879
28017271 345098176
449687304 897329322
329506166 781109763
937835520 1052591098
858907347 882636342
411007265 607068684
493785188 961755880
629676336 703879873
449644986 818478185
314998007 420452396
54773995 277296507
532656223 551076329
483361657 886935615
652120122 1038499874
627580402 854389105
958482694 1050017594
587985470 784326413
999787166 1005948493
109146819 507656484
1026526637 1041215718
367361052 508642331
343056047 363853644
363967406 652484791
297602599 632383676
600472802 882543990
261436914 985100086
728015283 1018311689
126254065 537567363
608786990 683350631
357349569 393790378
770966238 926798907
442752360 663814052
815965223 910258665
29647800 542242279
1041102069 1055236387
628051089 951889868
864893394 917819190
1035163828 1070451741
51610872 617869668
161430258 596242130
465214341 526151704
268218912 891318220
170196227 355558994
105107733 229743055
825800689 939690220
855565453 1005146630
257804844 823883795
111242588 115799402
637043444 690859590
636727873 655259264
463203747 793179413
968219187 1022469902
1025675675 1069386327
1043076015 1056026546
284370977 629889857
511059909 1014120022
1045250235 1046300557
754777136 1000114267
875800193 1057835536
1071704083 1073609007
107303238 541941812
559502851 604299966
487331167 941027613
452439022 933440345
612168536 733838560
854415295 1045173970
754049380 870398030
475094141 894333611
417376156 490392210
288587670 856967526
965042765 1065636137
913323291 963359226
349097610 840530816
732751593 943283901
148396829 645812187
905811759 1033041936
515874539 570364216
1039846491 1056957464
204765548 218834327
901258280 1024512788
744877304 868964309
32337365 686576207
185871878 191380113
238930786 420483021
161857298 557511323
956664917 1051300524
651131359 991325782
764254349 953579728
520044316 656888559
234600129 826877621
238638529 458026965
64755997 353596148
798586967 902350129
793741280 805715537
415623428 1014403522
928582677 1018763961
362370326 1002742773
1049918498 1057455217
109759933 697050295
84683517 494519972
665109701 701635046
726085419 897208410
2454221 530847607
392577518 772410504
448171810 684909962
738810975 941286934
877737036 1065911310
494278578 724902053
642029813 765273678
375171975 897132679
265649395 583487949
457132535 711904595
1026819515 1064407537
243863757 373279283
1054892931 1059118625
654529700 868028705
211933435 519933685
263761038 768796894
215988462 847127467
487678609 894393013
344394431 442097444
852449790 869785999
438309251 621718514
909510112 1027302970
287881799 1050737248
66283563 971914257
184178861 893119925
714933277 934055681
225717310 256074702
704161784 895561342
254810185 321272313
185617326 608552404
1031401766 1040981389
710863978 1006483181
1052795508 1062096123
1070946310 1071429468
993315939 1007819424
955784923 1009142096
982178654 1056836036
920078094 988746339
29511927 131267587
70355016 108713612
237536387 328557926
612437991 627564825
237789108 994278304
50065135 343368124
552274047 1003718656
759531169 982759010
367807978 456797912
386309553 997339542
186432183 287410034
669071422 829561067
211355379 937249856
209142836 457210097
455437930 725744323
291656682 734416191
391663843 658835176
830667503 985992196
15657157 210018817
902665048 945543108
97738147 922817490
991181195 1012624947
742450259 1019956864
768417297 1023040445
837450204 1003791336
931408023 1028866194
988496959 1013654548
641546384 872153264
796468347 865216561
949413397 990452076
420270917 958585567
1040877183 1062651222
791209016 983065030
747870147 955498281
261006178 501458407
756662925 1034852834
672650641 820499778
864923081 1004397392
556764930 770248650
622460842 794527266
51848775 540397119
307933617 423275075
586807154 596434731
81516909 631963750
386827615 736444446
13446232 577017432
247337963 947296197
829559129 990420291
195388954 654378518
880762369 928470385
36460774 386408225
498991738 905052544
403024696 711499388
595884348 765072069
776632066 838582559
1015380834 1056660819
220031199 525115269
758742107 1034173384
961763657 1008593211
400122876 951628776
770252601 793463763
570557987 910197158
211015808 880890070
221926874 812966889
831782745 998362973
384542691 548235731
770297426 1069246812
806713413 1048823261
129102807 354011773
994794323 1039464980
639841611 730097073
658033201 727172919
593491405 897946021
601047862 867159417
464895579 1025912307
256978004 1033382438
629821904 1044449079
699472019 1063501687
632654488 960591682
68150286 486888541
886973059 1033593944
1019542339 1068151565
975226623 993284165
940283548 1008053997
64986049 824404451
602888673 698275675
10727512 207800109
476115631 935380232
84163395 142618891
986280493 1014074111
1064510296 1070043930
175273498 800636381
376828411 509001402
936144008 992709127
20790241 974181967
752776904 982289076
58644231 984090429
322777579 798050961
696868257 874244444
536220818 794080411
747303823 812690742
129160507 998339563
767547979 770146382
457237115 918941720
957154772 1072194843
421216526 742746591
943206636 1021516554
60745816 473790371
949575924 1064832652
959478620 960852711
432123004 548972824
78772105 98186159
807429132 1044884383
882029932 1068935208
865210708 901451214
938389623 1047314812
509635229 545888200
403114633 957782909
140083524 472321086
335284118 849704957
644109266 1028839473
622525491 747569811
830884333 913131882
792811695 1030774689
133897110 880676375
961989370 1025499100
328628239 823825437
806761439 953778573
215692712 301584516
1030033533 1030096643
366973575 415146659
180514652 343398549
1007794745 1032011360
465975719 1027161752
761675986 862564748
20660731 708284191
380175691 986033573
1027498032 1052149084
143953615 747617877
896270122 1063635719
569929356 699066819
106776866 948056623
80876466 919279362
458280285 495247237
164533718 254161518
364372283 854716867
907754574 980037547
930366182 978493912
840881790 848103273
723076901 907615344
857242028 879338169
366568273 989157698
449413323 808176749
808800766 982410455
1046932226 1049444640
903244060 931690116
513318444 575180751
143997122 536019525
53123179 714062449
1045164593 1048493703
334424484 514204865
3944584 373504410
789618061 904222634
176418394 912125801
389283128 1057184558
1048168680 1055878700
120701370 732843949
792229312 1006752089
900529688 1002762986
532619891 538887753
177809374 854957719
839629386 879370076
91695201 1057326824
249835288 420117625
903286058 1049386390
994799316 1011882190
539042880 894394270
352539172 624617190
575393025 731785542
33218889 118976384
448216267 1037971262
994254339 1038431993
417091923 939333000
727883784 960727208
714718471 790077955
926579645 1028698641
758794305 1046029735
71107855 945381671
201975214 913422302
573708662 873000709
964129881 1055045268
647304904 925888819
1049259318 1054384468
966811249 1006878589
300196433 727126937
887709671 1027843863
325675338 945524411
905479978 909087445
581586389 1010996777
156372202 215539536
600542009 796138058
353290862 1041867479
368087627 876588706
924355717 1006276867
859576469 978593768
435453898 936121263
340100967 881644343
424504179 702621586
522461185 646519261
145643130 206085720
254876538 781003057
117041454 605080053
8120174 658049854
1011343374 1011584770
244941691 945581781
19149297 800408309
1016525236 1072134988
136268115 393638170
784526470 995168240
995292676 1072617866
452945261 791139854
64054549 609978327
1044507209 1049290631
310104565 389699546
1035797513 1062327680
194844998 717963394
181139989 820851581
603510478 1023543211
621857679 1060296099
622695679 1064336769
422232658 755017512
868574631 872597808
58315287 258308253
579040727 749167601
1059164865 1063421425
480041476 759585652
443806351 699712932
181191685 439848749
1930616 1032495416
234074573 739195531
300689661 746032205
640711927 784023768
987135176 1003080294
1021722849 1068951330
794742338 942027969
424472324 684931583
1038487008 1062922561
613933695 1013529941
734325318 1020303490
992287939 1024396666
626902251 759854279
597259167 623771324
777435692 925268750
393258739 582909531
940914926 979323241
404212697 728005055
982469693 1046573360
190887078 481741865
374861389 897523128
125322872 606493482
467777227 1039948606
856275752 869037768
614345194 856348226
539773955 835690928
724030694 998329305
913079668 985660065
203148754 349822776
86625843 471789951
1019898369 1036142472
613001068 792007641
188297447 546186348
982237609 1043505217
992311942 1013703607
641454597 689554619
278526097 814449321
271934971 681997738
762726333 903259604
658367268 1023971600
558478443 681203660
835904657 1047823441
576517432 797094132
57429282 70544077
899314484 1021065008
452936013 945515211
928067412 1016039618
489129627 1008675366
889704827 939801794
363941701 634384693
707286336 816220064
64948943 542323228
404808461 503318979
777271299 1005096812
634055600 1007747427
527659165 742448855
1017959930 1032553210
348654868 839056430
718354708 1060992344
1037410800 1072635713
654950321 730964172
564301926 586968313
555860620 903503929
159598232 480276030
901966835 908071588
242383990 732143062
881477082 1057049539
794919846 825091449
352510242 1016761969
268517317 421553193
212525267 913388935
420018844 1018412985
330559400 432647739
623099595 774244975
871691927 1030980887
1014045523 1061265508
180245090 311393469
160997287 835324457
942548099 990685667
977943598 986834203
49947574 732624219
662495811 958006510
403445677 427478276
710269982 770288305
399915655 605268194
676101150 1059450314
804943648 906332155
601906970 1040807900
17441393 1044533053
931362232 992142413
338934732 875002318
96657859 877239208
55885224 584058563
907333294 1051514695
249328248 649843270
1028349768 1043977793
635571088 701132093
650803819 922306983
765488091 1053134414
